44
63
28
42
14
90
18
98
94
93
36
54
27
13
66
67
68
77
74
81
1
27
54
14
53
15
33
13
92
95
69
84
78
13
31
76
90
72
19
25
8
100
10
47
5
90
80
17
80
19
68
52
73
62
70
72
12
79
44
79
35
68
0
98
47
77
52
48
100
88
52
91
80
3
25
53
67
35
57
11
68
25
84
75
91
37
61
95
20
79
57
93
83
33
87
53
64
30
22
35
59
54
6
44
79
76
87
42
2
86
85
36
54
93
98
26
43
24
47
86
53
81
42
28
30
87
69
46
41
23
14
20
24
44
44
81
67
66
71
97
62
64
89
32
85
78
70
55
94
15
27
44
89
31
21
38
31
72
48
64
44
83
29
87
69
67
15
47
33
31
58
60
61
39
49
93
99
56
5
21
92
61
73
43
79
98
91
39
52
82
89
91
66
66
78
84
13
54
48
95
21
73
49
68
64
80
66
16
13
81
65
84
82
4
7
26
41
97
41
16
37
36
97
52
84
2
38
59
5
4
70
37
21
59
29
18
8
40
69
12
64
16
80
59
71
87
80
35
5
75
21
0
61
7
98
68
96
28
96
99
18
70
23
21
88
22
43
84
58
38
29
67
18
59
78
43
89
69
46
16
79
99
81
2
71
28
15
36
87
42
67
42
35
50
27
93
87
34
76
3
4
63
41
0
17
86
62
33
10
98
42
41
9
52
58
64
33
10
65
96
52
87
15
27
80
39
14
57
85
55
2
44
73
36
88
71
37
4
93
57
1
33
79
76
55
70
68
45
61
48
68
66
29
14
53
17
13
9
51
1
33
65
26
89
60
75
6
54
43
74
24
44
77
96
51
7
94
61
40
92
96
78
81
90
2
9
92
43
66
62
98
86
21
10
39
90
37
94
62
86
68
64
12
83
68
87
54
18
81
79
84
95
52
94
82
1
4
30
83
72
38
94
10
69
54
16
37
43
16
36
87
63
6
19
10
24
76
4
77
29
76
2
58
80
50
88
8
28
19
60
25
27
29
51
41
98
18
5
31
11
29
81
78
53
9
15
37
83
48
31
94
98
32
4
47
81
4
12
65
52
39
94
8
82
49
56
23
81
11
91
31
48
61
40
56
32
83
8
73
8
10
24
62
76
22
63
35
41
38
20
25
36
56
17
75
88
4
27
40
11
41
86
7
28
39
17
22
38
41
50
79
60
35
10
65
27
56
33
44
37
8
16
72
4
64
27
99
55
1
44
77
84
73
51
84
23
8
76
64
57
67
19
70
51
52
40
40
33
18
52
56
61
32
3
99
76
84
1
44
35
18
67
21
14
13
0
37
59
51
10
99
92
77
30
5
48
68
12
88
22
33
17
61
71
92
36
6
67
29
39
91
3
57
24
41
91
99
96
10
10
84
54
43
64
1
55
89
52
32
31
70
50
13
54
14
90
77
15
23
75
10
96
74
4
91
42
35
27
57
57
8
2
87
83
72
64
6
4
72
46
67
84
76
81
96
21
39
76
56
59
30
75
48
11
61
2
54
5
78
20
12
7
20
2
15
3
29
90
90
97
98
16
7
67
6
54
1
87
47
43
69
45
70
3
67
2
32
58
26
55
83
9
24
55
32
32
77
24
76
49
21
10
4
13
56
91
17
21
11
97
6
84
8
75
33
19
92
72
88
62
12
15
56
57
49
12
17
86
52
34
41
90
58
74
89
48
76
22
49
78
97
12
89
88
22
32
83
42
86
71
81
11
88
12
13
82
85
0
85
0
19
15
46
38
7
20
61
0
69
75
27
22
41
58
80
36
61
90
35
86
46
80
11
70
57
68
10
83
55
76
44
75
60
11
21
14
79
88
31
47
73
91
82
17
63
42
48
21
0
61
2
62
49
10
57
14
59
64
85
2
80
33
64
65
88
32
51
55
12
73
85
92
8
37
54
54
19
81
14
90
35
33
13
39
72
85
21
1
63
38
26
1
78
37
55
18
83
3
58
2
93
92
94
66
37
100
1
85
7
50
68
1
62
50
45
96
81
100
96
94
38
27
22
43
79
22
82
31
89
48
0
45
12
97
29
17
7
58
81
22
47
72
43
38
28
22
43
50
13
19
58
88
81
99
57
91
65
70
80
9
95
97
89
52
20
19
55
17
76
48
87
33
17
31
89
70
9
97
85
6
94
5
42
44
24
72
50
89
34
64
45
36
73
28
27
16
85
80
48
66
81
37
99
95
47
61
74
83
8
75
88
61
87
32
88
46
26
47
99
11
81
17
84
35
66
50
13
90
36
41
31
62
84
57
60
26
74
72
10
76
5
57
6
20
31
95
8
20
61
7
95
38
62
54
71
68
32
44
66
8
26
50
47
20
61
50
38
76
25
64
40
5
13
60
45
77
64
45
24
78
7
81
56
32
78
64
73
91
47
40
70
64
32
93
65
81
48
64
80
67
8
15
92
87
61
86
33
88
27
15
52
95
44
99
36
95
32
94
63
46
44
47
82
70
58
55
58
98
49
62
92
7
93
50
51
77
44
5
37
28
67
74
72
40
64
2
59
56
22
47
67
10
61
90
96
73
72
32
36
65
75
21
81
21
22
68
83
79
76
98
97
29
26
84
61
51
2
55
39
22
60
16
67
17
58
70
59
47
21
72
28
54
29
86
77
55
18
68
91
1
20
4
90
26
30
21
23
19
56
2
66
83
71
45
74
87
92
24
57
42
85
52
37
12
71
11
5
62
13
6
11
23
50
76
40
28
57
58
96
58
10
58
100
39
70
48
36
17
67
20
36
80
15
26
34
74
53
40
18
76
16
23
48
46
61
9
49
50
43
62
58
45
54
40
94
21
40
47
25
84
59
68
30
65
46
17
21
78
48
6
94
83
44
18
33
98
93
20
70
74
13
61
95
95
58
4
60
1
80
1
87
56
84
41
70
41
68
50
62
44
44
54
49
29
59
27
84
93
11
21
6
67
38
61
3
68
97
86
55
30
52
84
38
22
13
97
26
48
38
41
61
2
46
45
45
53
72
27
30
21
31
9
46
17
25
42
42
58
2
67
36
1
23
47
24
62
0
69
4
90
49
81
35
82
21
94
40
16
19
81
37
2
77
32
23
36
68
37
24
74
69
24
98
55
71
84
5
92
67
21
95
92
60
55
38
29
96
75
28
93
44
33
64
87
59
69
72
41
20
93
77
33
12
65
24
14
7
26
79
88
33
63
4
91
4
89
78
57
38
39
52
71
6
26
92
43
84
38
42
96
60
85
27
36
67
14
34
24
34
12
12
78
42
76
6
41
28
33
20
50
56
12
85
22
9
22
43
65
75
49
72
86
38
28
43
53
13
42
58
79
60
61
79
80
100
89
36
1
17
19
32
51
60
33
65
0
35
97
90
24
20
17
92
40
85
13
77
56
95
61
41
14
12
88
21
68
96
72
76
62
45
46
1
10
33
54
7
84
95
5
22
44
33
44
24
99
68
36
44
31
42
1
66
53
49
97
3
48
66
49
28
36
99
42
32
63
19
67
40
82
65
70
79
19
97
22
60
60
65
64
10
12
65
6
41
7
33
26
85
76
59
25
61
72
17
21
85
4
69
20
17
18
0
59
64
2
87
29
35
45
68
90
39
5
29
91
65
46
45
77
1
53
21
21
22
70
43
82
99
76
1
50
47
69
40
12
95
77
60
24
37
58
43
6
10
43
26
7
92
44
69
93
63
70
98
30
58
16
26
89
60
58
74
24
38
30
78
24
36
75
77
76
51
42
3
26
0
77
25
83
71
39
77
95
22
3
67
55
60
72
84
71
71
39
7
92
95
92
24
20
22
39
50
91
33
39
73
83
97
47
94
22
67
37
57
65
75
58
61
53
73
89
37
23
25
31
74
25
59
52
86
47
70
41
86
100
71
62
84
85
27
30
33
97
61
88
80
1
70
24
85
53
52
4
11
12
14
84
8
93
97
97
55
20
85
75
51
96
7
30
23
22
58
22
34
3
78
5
15
9
5
15
48
20
62
87
45
96
70
74
65
17
52
65
78
48
71
44
23
37
52
50
77
37
1
31
74
93
29
81
69
83
77
11
92
67
0
66
82
72
23
78
13
24
47
96
51
62
62
10
59
82
35
14
49
27
9
15
57
44
74
75
55
41
57
73
57
69
7
40
73
25
8
79
88
36
17
38
86
9
20
18
91
16
74
28
9
41
69
97
56
35
43
12
44
71
3
39
33
21
13
97
7
40
32
50
67
18
11
85
22
9
37
46
77
14
19
3
26
3
49
19
83
66
3
43
30
48
63
41
30
4
51
90
50
75
71
44
52
76
80
25
40
99
29
56
80
24
37
20
69
90
19
69
47
70
95
42
46
77
34
12
92
92
46
38
48
20
29
73
72
96
69
19
16
41
45
21
87
72
80
90
39
99
0
79
94
73
69
40
34
11
97
31
1
97
66
52
84
36
25
97
65
78
28
22
64
7
92
19
81
31
3
64
29
90
94
2
72
98
15
81
4
96
73
74
1
66
54
77
10