260
760
576
741
840
855
761
576
1255
946
948
917
868
847
649
687
725
760
698
717
765
786
704
464
1078
924
853
862
725
531
665
871
881
871
595
593
895
856
722
1088
898
870
680
974
822
871
855
839
828
895
931
822
851
925
852
988
874
844
771
203
1229
779
860
910
921
931
874
917
858
872
813
862
882
60
1541
870
853
792
412
1059
626
852
733
767
887
909
944
834
970
849
799
181
1290
698
676
679
646
744
623
712
608
509
435
475
468
608
272
958
752
794
798
753
694
405
898
410
996
752
845
519
1088
933
975
904
978
1049
923
712
940
824
855
895
870
677
1144
871
867
929
764
334
1279
826
614
554
776
675
694
723
569
902
676
500
1207
660
974
672
595
718
647
721
731
105
864
580
852
844
875
849
910
753
121
0
0
219
733
279
243
0
1078
512
387
611
534
306
403
649
760
688
525
74
1180
718
757
688
696
706
482
249
0
1080
589
737
691
615
702
440
410
471
458
459
630
698
276
1133
654
517
773
576
662
605
645
618
588
717
590
665
730
691
504
734
519
651
546
0
965
630
604
696
608
513
628
554
586
673
738
681
481
0
1226
357
382
566
314
807
410
584
317
452
539
500
504
506
588
482
452
131
925
562
569
532
168
702
344
626
569
525
669
570
620
608
561
468
489
241
1074
398
323
207
0
0
890
25
188
136
227
523
592
532
505
353
856
599
642
658
670
742
603
437
471
691
688
105
1172
725
708
772
562
576
0
1097
730
627
398
627
669
553
44
798
425
512
416
650
512
612
658
475
413
359
269
508
550
0
818
498
326
405
386
256
0
855
487
706
618
746
722
626
589
458
942
630
795
703
780
715
702
637
787
647
673
787
820
790
665
542
595
662
767
736
714
817
811
820
645
580
727
738
776
653
94
1024
742
757
669
654
0
1169
627
504
540
795
802
775
832
589
440
773
633
722
680
688
676
605
817
718
710
680
524
665
616
649
630
582
569
582
429
752
703
576
349
620
527
631
604
661
615
573
584
364
637
529
460
607
554
250
164
189
478
588
572
649
601
459
817
624
653
394
1043
443
919
515
572
628
578
321
853
656
565
619
605
666
620
578
626
548
597
437
455
264
1007
565
565
589
565
254
643
440
538
464
546
523
478
529
504
570
622
447
196
900
607
584
428
535
622
672
767
718
700
661
407
1055
761
740
721
669
563
121
1027
321
379
633
544
349
299
546
344
412
242
51
619
253
97
48
35
71
226
463
298
765
623
577
661
555
501
757
756
818
718
754
698
470
680
658
666
695
650
341
956
657
574
570
577
566
585
565
517
542
524
267
928
624
608
673
664
656
374
0
0
0
0
719
639
572
645
647
710
699
253
132
210
597
634
426
595
257
1008
443
871
736
726
477
164
177
452
639
723
624
723
372
916
496
1064
733
738
624
566
403
917
637
700
710
749
768
772
694
684
707
698
433
954
403
1038
727
736
763
680
744
776
675
698
635
600
458
882
639
529
647
656
597
478
647
718
683
733
645
725
746
233
1237
684
440
860
650
698
685
695
511
360
410
688
585
557
660
601
210
898
348
542
441
48
980
673
619
708
657
604
670
672
666
550
540
589
277
1032
562
375
726
711
572
403
455
605
643
692
714
696
627
612
574
382
0
1041
355
641
624
649
740
620
919
729
665
658
548
886
425
440
608
681
703
668
653
603
563
566
309
890
687
673
630
169
1053
631
721
763
645
639
626
590
601
589
370
830
628
668
378
862
657
618
593
418
540
653
684
687
669
647
658
614
104
1114
691
605
679
660
676
649
520
630
717
691
647
685
618
656
742
729
763
741
726
729
662
18
1219
658
703
748
759
707
660
797
712
803
813
797
759
718
807
708
988
851
794
656
409
900
761
700
715
692
707
681
679
673
681
626
562
117
996
570
607
628
357
920
641
662
649
662
553
170
245
635
641
580
590
657
730
733
555
809
689
669
639
622
189
1206
653
637
641
706
687
683
624
721
672
654
620
333
0
852
220
527
593
407
425
521
193
933
394
797
874
646
647
683
660
584
604
607
661
685
721
649
390
970
672
692
451
975
489
500
525
431
707
498
473
658
600
501
597
669
268
876
536
588
574
600
712
413
115
948
555
548
574
532
688
558
477
721
590
608
631
543
28
1133
595
603
363
1054
382
802
607
620
387
864
593
562
585
631
658
372
506
511
269
262
348
623
382
0
863
426
661
662
577
231
1100
687
604
616
596
565
596
624
521
574
618
605
46
1169
595
582
600
528
554
570
275
862
604
593
603
615
675
572
760
577
605
653
630
584
638
609
406
341
330
302
0
684
364
333
361
378
330
334
0
795
341
407
371
359
361
326
336
393
347
360
336
74
643
367
356
299
294
273
223
0
937
406
342
412
515
512
502
516
528
531
547
612
534
73
1158
548
525
272
875
543
635
666
559
639
567
657
643
670
664
698
471
839
601
692
627
245
1043
618
615
665
569
642
451
450
458
380
248
0
710
437
409
353
450
391
393
439
382
334
395
309
0
959
467
519
506
478
88
0
0
1013
450
433
429
403
319
384
361
292
452
473
406
286
0
670
230
379
290
345
401
421
452
443
225
849
512
521
512
410
242
284
401
426
448
492
451
196
0
863
131
230
451
550
378
273
288
323
149
0
887
439
557
574
570
567
551
487
483
528
460
71
897
523
562
599
504
666
580
581
501
506
562
554
512
435
376
524
493
42
904
448
509
471
516
528
524
70
837
428
521
492
618
661
662
643
592
582
614
573
97
1153
600
544
525
494
227
893
630
596
597
622
612
657
645
616
573
334
928
650
535
492
390
586
483
607
582
254
874
418
612
448
509
700
680
677
619
688
675
696
683
730
744
630
566
643
470
528
595
577
580
562
504
487
502
368
455
394
0
740
397
493
520
277
73
1050
584
558
635
675
645
577
665
653
557
605
634
597
459
551
379
772
581
417
296
319
210
374
566
624
586
645
356
85
0
881
599
608
611
662
637
657
725
750
740
715
466
330
23
615
254
234
399
262
193
0
31
866
176
231
475
281
294
314
200
199
229
218
74
0
0
581
204
71
119
153
143
73
197
365
485
323
191
151
192
146
0
650
248
230
302
623
563
528
219
665
380
424
338
356
624
406
496
592
551
612
540
334
756
452
481
633
704
178
1089
540
643
520
534
605
634
352
582
779
481
65
1062
685
567
523
428
635
593
624
664
662
609
623
614
623
424
788
669
642
474
910
511
933
660
695
647
643
639
616
463
345
391
573
664
647
504
0
688
501
657
614
604
525
192
980
611
590
475
479
502
509
467
534
525
588
569
63
897
924
639
649
643
676
646
694
730
729
726
604
656
710
506
712
633
702
764
708
687
107
1226
570
619
650
658
676
660
673
737
702
679
431
1008
642
590
651
314
924
544
628
744
630
646
634
569
534
505
620
559
225
1036
653
622
616
391
698
694
699
614
748
646
151
272
668
401
258
292
0
0
624
291
184
334
413
421
349
523
563
325
25
0
909
47
116
168
131
279
342
393
891
744
635
642
624
59
611
111
0
123
333
262
742
763
688
467
872
482
437
262
402
688
746
498
954
684
672
478
875
710
737
620
383
353
230
322
317
323
353
387
414
403
27
1
975
281
211
0
744
314
348
340
227
306
315
344
393
389
309
318
290
813
649
558
680
593
13
845
140
253
649
725
752
722
788
740
765
786
723
646
55
1409
581
280
847
745
826
844
864
637
450
760
489
611
787
332
654
637
737
840
845
879
881
863
839
845
883
859
858
814
195
1520
875
844
815
203
1434
826
844
855
890
859
905
901
912
876
853
876
230
1202
778
528
984
628
520
283
189
566
765
665
490
677
736
734
707
870
859
818
806
737
730
287
1266
726
783
502
801
658
664
635
608
662
637
630
670
753
790
783
752
176
1331
723
754
753
707
517
1004
630
708
565
578
555
561
589
721
771
740
515
375
0
989
638
452
521
0
1034
342
498
687
528
389
487
615
497
439
310
390
717
730
291
275
536
277
989
666
577
402
710
687
299
548
622
562
614
576
605
691
666
775
801
525
1008
712
547
1028
696
726
738
696
741
761
696
748
688
718
426
778
615
753
754
788
784
749
460
1088
611
935
707
626
646
683
536
966
536
886
689
727
656
582
660
726
654
738
651
609
638
761
677
139
1371
719
650
437
840
997
708
733
741
730
589
429
727
570
767
647
641
562
150
1180
512
431
351
849
730
744
761
722
524
1020
740
890
858
866
906
810
768
767
810
589
374
370
229
872
447
504
306
189
8
0
772
360
281
165
146
174
345
21
961
711
731
597
367
389
474
477
471
608
769
479
363
52
0
1055
711
814
792
851
795
683
468
860
315
201
294
432
544
797
902
803
746
833
580
1123
821
761
535
1115
767
734
760
815
557
666
157
712
883
913
863
839
837
856
895
868
897
874
593
1129
881
867
787
669
612
651
363
200
614
975
756
769
714
788
834
802
797
799
633
635
582
830
695
694
738
871
851
874
925
853
548
895
875
588
272
1261
891
753
504
1001
734
692
773
790
810
811
718
376
558
856
809
374
1272
772
727
726
771
760
765
146
1111
696
633
105
1206
832
782
810
794
773
791
765
806
803
811
840
859
763
535
956
820
834
843
852
891
874
866
825
836
886
851
799
822
841
561
981
344
253
372
1100
858
840
860
872
761
656
741
856
814
787
784
853
856
140
1355
677
670
371
355
1150
618
1104
822
817
852
904
905
830
799
784
806
875
914
889
858
847
851
788
802
818
813
821
680
706
683
665
543
1007
656
780
757
744
607
254
1020
726
787
710
687
670
790
878
856
708
235
940
744
624
496
744
675
673
761
790
797
451
101
0
974
756
802
771
805
833
726
710
584
585
628
691
243
974
685
704
767
757
765
779
470
534
710
726
683
685
754
433
1004
649
504